-347.5052417473463
-367.64720737904514
-356.1338103474546
-403.340491949962
-376.1610905370319
-378.3724884209673
-394.747672005219
-368.1839980213834
-334.6024887803369
-341.43379753715413
-365.95151336547093
-348.8766102603324
-347.06589624938607
-371.56012446804175
-366.88353645551086
-389.02830655719197
-397.5662519112326
-384.1113185834352
-376.87385053081744
-358.2572111674445
-348.91678784547565
-326.3261617689257
-333.4830511580104
-426.029886065162
-335.09478191168745
-354.560875357656
-366.45108159783166
-373.95628034593835
-362.65926529192615
-379.69851824121736
-364.4477158550296
-401.34499935308384
-369.7747431840623
-387.6722666128996
-378.0574291496803
-353.9658962068036
-381.97934476441804
-369.14861381773767
-362.6501287054582
-379.5130815858974
-385.21204851610923
-362.6935085570642
-410.20111232147224
-386.0287700260378
-379.4982474439978
-358.63256619611076
-357.0283364116907
-359.10098713526287
-406.2533664957572
-383.2992903929519